[gd_scene load_steps=7 format=3 uid="uid://c6356ubeoiydj"]

[ext_resource type="PackedScene" uid="uid://b3gr35vagtxy8" path="res://player/player-character.tscn" id="1_oa3qg"]

[sub_resource type="ProceduralSkyMaterial" id="ProceduralSkyMaterial_72qq7"]
sky_top_color = Color(0.317647, 0.733333, 0.878431, 1)
sky_horizon_color = Color(0.537255, 0.67451, 0.780392, 1)
ground_horizon_color = Color(0.64625, 0.65575, 0.67075, 1)

[sub_resource type="Sky" id="Sky_6kt2i"]
sky_material = SubResource("ProceduralSkyMaterial_72qq7")

[sub_resource type="Environment" id="Environment_ofm0g"]
background_mode = 2
sky = SubResource("Sky_6kt2i")
tonemap_mode = 2
sdfgi_enabled = true
glow_enabled = true

[sub_resource type="StandardMaterial3D" id="StandardMaterial3D_clqsw"]
albedo_color = Color(0.176471, 0.203922, 0.4, 1)

[sub_resource type="StandardMaterial3D" id="StandardMaterial3D_r8oc7"]
albedo_color = Color(0.913725, 0.203922, 0.4, 1)

[node name="main" type="Node3D"]

[node name="DirectionalLight3D" type="DirectionalLight3D" parent="."]
transform = Transform3D(-0.866025, -0.433013, 0.25, 0, 0.5, 0.866025, -0.5, 0.75, -0.433013, 0, 0, 0)
light_color = Color(0.894118, 0.737255, 0.615686, 1)
shadow_enabled = true

[node name="WorldEnvironment" type="WorldEnvironment" parent="."]
environment = SubResource("Environment_ofm0g")

[node name="WorldGeometry" type="Node3D" parent="."]

[node name="CSGBox3D" type="CSGBox3D" parent="WorldGeometry"]
transform = Transform3D(1, 0, 0, 0, 1, 0, 0, 0, 1, 0, -1.26862, 0)
use_collision = true
size = Vector3(50, 1, 50)

[node name="CSGBox3D2" type="CSGBox3D" parent="WorldGeometry"]
transform = Transform3D(0.91522, 0, 0.402954, 0, 1, 0, -0.402954, 0, 0.91522, -1.99903, -0.268618, -1.93265)
use_collision = true
material = SubResource("StandardMaterial3D_clqsw")

[node name="CSGBox3D4" type="CSGBox3D" parent="WorldGeometry"]
transform = Transform3D(0.91522, 0, 0.402954, 0, 1, 0, -0.402954, 0, 0.91522, 0.804025, 0.23138, -1.93265)
use_collision = true
size = Vector3(1, 2, 1)
material = SubResource("StandardMaterial3D_clqsw")

[node name="CSGBox3D3" type="CSGBox3D" parent="WorldGeometry"]
transform = Transform3D(0.764078, 0, 0.645124, 0, 1, 0, -0.645124, 0, 0.764078, 2.97235, -0.268618, -0.227831)
use_collision = true
material = SubResource("StandardMaterial3D_r8oc7")

[node name="PlayerCharacter" parent="." instance=ExtResource("1_oa3qg")]
transform = Transform3D(0.99995, 0.0100006, 0, -0.0100006, 0.99995, 0, 0, 0, 1, 0, 0.82965, 0)
MovementForce = 2700.0
Friction = 40.0
